941
8
5
5
4
90
216
4
2
13
19
5
3
8
32
18
5
16
9
30
15
20
4
11
3
18
10
12
13
6
4
6
6
14
11
5
16
3
26
8
16
4
26
5
4
6
8
4
2
7
8
88
44
2
1
6
45
6
6
6
6
5
86
5
5
5
5
6
6
6
6
6
5
5
5
5
5
6
6
6
6
5
5
5
5
5
4
6
8
5
18
30
5
7
9
6
9
72
131
4
3
9
12
8
8
7
9
7
9
6
6
6
6
4
4
4
4
18
8
24
22
13
14
13
16
36
32
15
18
16
21
26
6
5
3
13
17
26
40
4
4
2
14
2
5
4
4
8
7
32
5
15
12
15
10
9
10
78
163
13
9
12
10
14
54
115
8
54
123
12
19
38
50
17
16
25
22
16
28
20
29
7
8
6
5
7
7
7
14
8
9
8
23
6
5
5
5
7
6
7
10
8
10
6
5
5
6
2
1
5
10
16
7
7
7
28
7
8
8
6
7
9
9
6
11
6
5
6
8
5
7
5
4
17
29
19
32
4
6
5
4
5
4
42
91
59
126
9
7
5
6
7
8
2
2
6
5
3
5
8
3
17
33
11
17
5
4
20
5
35
4
5
5
6
5
57
123
9
7
5
8
5
11
6
5
5
6
2
2
5
5
5
5
6
5
2
2
2
2
6
6
5
5
5
5
1
7
10
5
5
5
5
5
5
16
7
7
7
28
8
7
8
1
2
5
5
1
88
86
5
8
5
5
10
5
7
10
2
1
7
7
7
8
7
8
1
1
9
10
2
2
5
5
12
14
2
1
1
1
2
2
2
2
2
2
2
2
2
2
2
2
2
2
2
2
2
2
2
2
2
2
2
2
2
2
2
2
2
2
2
2
2
2
2
2
8
23
2
2
2
2
2
2
7
27
2
2
10
10
14
11
13
23
170
354
19
28
13
11
11
9
13
13
9
18
21
8
33
9
2
2
43
63
6
2
2
7
51
70
45
58
15
16
27
23
25
16
27
21
24
9
18
18
15
26
27
19
29
48
13
11
17
13
2
2
5
3
2
2
2
2
6
4
9
7
7
8
7
6
7
7
22
6
6
36
7
6
7
5
6
6
9
7
13
12
6
5
2
2
5
5
13
16
7
8
2
2
5
3
2
2
9
12
1
1
2
2
30
52
5
8
7
5
11
11
12
4
9
9
10
7
7
8
1
1
5
5
10
8
6
6
5
5
3
5
8
4
13
11
14
11
15
3
6
31
4
3
5
4
9
10
6
6
5
5
9
10
8
7
58
123
9
7
16
18
6
5
9
11
3
8
5
4
6
8
4
9
7
6
3
4
5
4
7
9
58
124
9
7
8
6
10
12
6
5
5
9
5
12
8
9
5
5
10
6
6
10
5
5
26
42
27
34
31
26
40
49
48
41
26
17
34
21
5
3
4
4
6
4
16
25
13
24
44
90
16
30
21
2
28
2
17
61
30
29
136
44
29
38
9
11
18
20
9
10
7
7
7
8
7
8
19
32
2
1
5
5
5
6
7
10
16
7
7
7
28
7
7
8
2
2
1
1
9
9
7
7
3
5
3
4
17
27
5
18
8
10
9
9
31
10
12
12
9
4
7
9
5
4
46
16
90
29
56
135
1
10
6
1
2
2
2
2
2
1
1
1
1
2
2
2
2
1
1
1
1
4
2
103
148
4
2
103
148
94
121
5
94
6
121
1
1
1
1
2
4
2
2
1
1
2
4
2
2
1
1
21
8
33
9
43
63
5
5
29
48
13
11
17
13
5
3
6
4
5
6
13
12
5
5
13
16
7
5
6
8
4
5
5
9
12
3
9
12
30
52
5
7
2
2
2
2
2
2
2
2
2
2
1
1
1
1
1
1
2
2
2
2
2
2
2
2
2
2
1
1
1
1
1
1
2
1
2
1
5
5
5
6
5
6
9
5
64
63
144
140
6
9
7
9
6
5
16
18
47
48
73
59
47
48
73
59
2
2
2
2
1
1
1
1
2
2
2
2
1
1
1
1
9
11
36
33
44
59
36
33
44
59
5
5
5
4
3
3
10
12
2
1
2
1
9
11
9
10
5
5
7
12
7
12
6
5
8
6
5
5
8
5
2
2
2
2
